23583 20230101  2.514 -158.61   59.28    -2.7    -5.3    -4.0    -4.1     4.3     0.81 C    -3.6    -8.8    -5.9    91.7    55.8    82.8 -99.000 -99.000 -99.000 -99.000 -99.000 -9999.0 -9999.0 -9999.0 -9999.0 -9999.0
23583 20230102  2.514 -158.61   59.28    -2.0    -4.8    -3.4    -3.1     2.2     0.20 C    -2.3    -9.2    -3.9    91.6    69.4    86.5 -99.000 -99.000 -99.000 -99.000 -99.000 -9999.0 -9999.0 -9999.0 -9999.0 -9999.0
23583 20230103  2.514 -158.61   59.28    -0.7    -3.3    -2.0    -2.2     2.4     0.36 C    -1.1    -7.9    -3.3    98.1    89.6    95.0 -99.000 -99.000 -99.000 -99.000 -99.000 -9999.0 -9999.0 -9999.0 -9999.0 -9999.0
23583 20230104  2.514 -158.61   59.28    -1.0    -8.0    -4.5    -2.8     2.0     0.25 C    -2.5   -14.7    -5.6    95.8    82.3    92.4 -99.000 -99.000 -99.000 -99.000 -99.000 -9999.0 -9999.0 -9999.0 -9999.0 -9999.0
23583 20230105  2.514 -158.61   59.28    -3.1    -8.1    -5.6    -4.3     0.0     0.14 C    -3.8   -14.3    -5.5    96.4    88.5    93.1 -99.000 -99.000 -99.000 -99.000 -99.000 -9999.0 -9999.0 -9999.0 -9999.0 -9999.0
23583 20230106  2.514 -158.61   59.28    -3.1    -8.0    -5.5    -4.3     1.6     0.70 C    -3.7   -15.0    -6.4    94.7    83.6    90.0 -99.000 -99.000 -99.000 -99.000 -99.000 -9999.0 -9999.0 -9999.0 -9999.0 -9999.0
23583 20230107  2.514 -158.61   59.28    -4.5   -11.4    -8.0    -6.8     0.0     0.88 C    -5.6   -16.6    -9.6    87.2    79.1    84.0 -99.000 -99.000 -99.000 -99.000 -99.000 -9999.0 -9999.0 -9999.0 -9999.0 -9999.0
23583 20230108  2.514 -158.61   59.28   -10.2   -14.8   -12.5   -12.3     0.0     1.69 C   -13.5   -21.4   -16.3    86.8    70.7    79.1 -99.000 -99.000 -99.000 -99.000 -99.000 -9999.0 -9999.0 -9999.0 -9999.0 -9999.0
23583 20230109  2.514 -158.61   59.28    -6.2   -13.4    -9.8    -9.8     2.6     0.47 C    -6.7   -15.7   -10.2    86.6    69.0    77.4 -99.000 -99.000 -99.000 -99.000 -99.000 -9999.0 -9999.0 -9999.0 -9999.0 -9999.0
23583 20230110  2.514 -158.61   59.28     0.1    -6.3    -3.1    -3.2    31.7     0.16 C    -0.1    -6.8    -3.4    98.4    85.2    91.0 -99.000 -99.000 -99.000 -99.000 -99.000 -9999.0 -9999.0 -9999.0 -9999.0 -9999.0
23583 20230111  2.514 -158.61   59.28    -0.3    -5.8    -3.0    -4.4     0.3     0.29 C    -0.3   -10.0    -5.6    97.7    93.1    94.9 -99.000 -99.000 -99.000 -99.000 -99.000 -9999.0 -9999.0 -9999.0 -9999.0 -9999.0
23583 20230112  2.514 -158.61   59.28    -4.1   -11.2    -7.6    -6.5     0.0     0.18 C    -5.2   -18.1    -8.4    94.0    88.3    92.2 -99.000 -99.000 -99.000 -99.000 -99.000 -9999.0 -9999.0 -9999.0 -9999.0 -9999.0
23583 20230113  2.514 -158.61   59.28    -2.5    -4.5    -3.5    -3.2     0.3     0.48 C    -3.6    -9.9    -5.0    91.1    76.5    84.7 -99.000 -99.000 -99.000 -99.000 -99.000 -9999.0 -9999.0 -9999.0 -9999.0 -9999.0
23583 20230114  2.514 -158.61   59.28    -2.2    -5.1    -3.7    -3.6     4.3     0.52 C    -3.1    -5.1    -4.1    91.4    83.3    87.8 -99.000 -99.000 -99.000 -99.000 -99.000 -9999.0 -9999.0 -9999.0 -9999.0 -9999.0
23583 20230115  2.514 -158.61   59.28    -1.7    -5.3    -3.5    -3.6     8.4     0.23 C    -2.0    -5.4    -3.9    93.6    88.3    91.1 -99.000 -99.000 -99.000 -99.000 -99.000 -9999.0 -9999.0 -9999.0 -9999.0 -9999.0
23583 20230116  2.514 -158.61   59.28     0.1    -2.2    -1.0    -0.8     8.3     0.61 C    -0.1    -6.4    -1.5    98.1    92.1    95.9 -99.000 -99.000 -99.000 -99.000 -99.000 -9999.0 -9999.0 -9999.0 -9999.0 -9999.0
23583 20230117  2.514 -158.61   59.28    -1.0    -5.4    -3.2    -3.1     1.3     0.19 C    -2.0    -6.1    -3.7    96.8    86.6    92.5 -99.000 -99.000 -99.000 -99.000 -99.000 -9999.0 -9999.0 -9999.0 -9999.0 -9999.0
23583 20230118  2.514 -158.61   59.28    -5.4   -10.1    -7.7    -8.8     0.0     0.21 C    -5.5   -14.0    -9.7    95.6    90.1    91.5 -99.000 -99.000 -99.000 -99.000 -99.000 -9999.0 -9999.0 -9999.0 -9999.0 -9999.0
23583 20230119  2.514 -158.61   59.28    -4.9   -11.2    -8.1    -7.3     1.2     0.07 C    -5.2   -14.2    -8.3    91.9    88.3    90.0 -99.000 -99.000 -99.000 -99.000 -99.000 -9999.0 -9999.0 -9999.0 -9999.0 -9999.0
23583 20230120  2.514 -158.61   59.28    -6.0   -13.3    -9.6    -7.5     0.9     0.20 C    -6.9   -24.0   -10.4    92.5    77.2    87.8 -99.000 -99.000 -99.000 -99.000 -99.000 -9999.0 -9999.0 -9999.0 -9999.0 -9999.0
23583 20230121  2.514 -158.61   59.28   -12.0   -18.7   -15.4   -15.5     0.0     0.75 C   -16.1   -28.2   -20.4    86.9    51.6    67.2 -99.000 -99.000 -99.000 -99.000 -99.000 -9999.0 -9999.0 -9999.0 -9999.0 -9999.0
23583 20230122  2.514 -158.61   59.28   -12.1   -15.0   -13.5   -13.6     0.0     1.06 C   -12.5   -16.7   -14.4    70.5    54.6    63.3 -99.000 -99.000 -99.000 -99.000 -99.000 -9999.0 -9999.0 -9999.0 -9999.0 -9999.0
23583 20230123  2.514 -158.61   59.28   -14.7   -17.6   -16.1   -16.3     3.5     0.90 C   -14.6   -17.1   -16.1    79.1    60.8    72.2 -99.000 -99.000 -99.000 -99.000 -99.000 -9999.0 -9999.0 -9999.0 -9999.0 -9999.0
23583 20230124  2.514 -158.61   59.28    -8.7   -15.5   -12.1   -13.2     5.7     0.59 C    -8.6   -14.8   -12.7    89.4    74.9    81.8 -99.000 -99.000 -99.000 -99.000 -99.000 -9999.0 -9999.0 -9999.0 -9999.0 -9999.0
23583 20230125  2.514 -158.61   59.28    -0.4   -18.4    -9.4    -7.7     3.7     0.30 C    -0.9   -27.2    -9.9    98.2    77.2    90.9 -99.000 -99.000 -99.000 -99.000 -99.000 -9999.0 -9999.0 -9999.0 -9999.0 -9999.0
23583 20230126  2.514 -158.61   59.28   -13.2   -25.0   -19.1   -17.3     0.4     0.09 C   -12.9   -30.0   -20.1    88.8    76.4    83.2 -99.000 -99.000 -99.000 -99.000 -99.000 -9999.0 -9999.0 -9999.0 -9999.0 -9999.0
23583 20230127  2.514 -158.61   59.28    -0.2   -14.3    -7.2    -6.9    10.6     0.02 C    -0.1   -18.0    -6.7    98.0    74.2    85.3 -99.000 -99.000 -99.000 -99.000 -99.000 -9999.0 -9999.0 -9999.0 -9999.0 -9999.0
23583 20230128  2.514 -158.61   59.28     1.5    -0.3     0.6     0.6     3.0     0.76 C     0.3    -3.0    -0.5    98.3    91.4    95.4 -99.000 -99.000 -99.000 -99.000 -99.000 -9999.0 -9999.0 -9999.0 -9999.0 -9999.0
23583 20230129  2.514 -158.61   59.28     4.7    -0.1     2.3     2.1    11.5     0.30 C     0.4    -2.7    -0.3    95.7    78.4    89.2 -99.000 -99.000 -99.000 -99.000 -99.000 -9999.0 -9999.0 -9999.0 -9999.0 -9999.0
23583 20230130  2.514 -158.61   59.28     1.9     0.1     1.0     1.1    13.7     0.76 C     0.2    -0.2     0.0    98.6    93.9    96.6 -99.000 -99.000 -99.000 -99.000 -99.000 -9999.0 -9999.0 -9999.0 -9999.0 -9999.0
23583 20230131  2.514 -158.61   59.28     1.1    -6.4    -2.7    -1.0     0.4     3.82 C    -0.1   -12.9    -4.3    98.9    79.0    95.4 -99.000 -99.000 -99.000 -99.000 -99.000 -9999.0 -9999.0 -9999.0 -9999.0 -9999.0
23583 20230201  2.514 -158.61   59.28    -2.6   -10.2    -6.4    -6.3     0.0     3.05 C    -5.2   -15.5    -9.8    94.6    79.0    89.8 -99.000 -99.000 -99.000 -99.000 -99.000 -9999.0 -9999.0 -9999.0 -9999.0 -9999.0
23583 20230202  2.514 -158.61   59.28    -7.8   -12.9   -10.3   -11.0     0.9     1.93 C    -8.8   -15.2   -11.3    87.4    72.3    79.9 -99.000 -99.000 -99.000 -99.000 -99.000 -9999.0 -9999.0 -9999.0 -9999.0 -9999.0
23583 20230203  2.514 -158.61   59.28    -8.4   -12.8   -10.6    -9.5     1.8     0.76 C    -7.8   -16.7   -10.0    94.3    85.6    89.2 -99.000 -99.000 -99.000 -99.000 -99.000 -9999.0 -9999.0 -9999.0 -9999.0 -9999.0
23583 20230204  2.514 -158.61   59.28    -3.9    -8.6    -6.2    -5.7     1.6     1.44 C    -4.5    -9.0    -6.1    89.9    84.2    87.2 -99.000 -99.000 -99.000 -99.000 -99.000 -9999.0 -9999.0 -9999.0 -9999.0 -9999.0
23583 20230205  2.514 -158.61   59.28    -4.1    -6.7    -5.4    -5.4    12.0     0.84 C    -4.9    -7.0    -6.1    89.4    76.5    85.2 -99.000 -99.000 -99.000 -99.000 -99.000 -9999.0 -9999.0 -9999.0 -9999.0 -9999.0
23583 20230206  2.514 -158.61   59.28    -5.5   -10.9    -8.2    -9.0     1.9     1.54 C    -6.4   -14.8    -9.6    93.9    80.8    87.1 -99.000 -99.000 -99.000 -99.000 -99.000 -9999.0 -9999.0 -9999.0 -9999.0 -9999.0
23583 20230207  2.514 -158.61   59.28   -10.8   -24.3   -17.6   -15.2     0.0     4.85 C   -11.5   -31.8   -21.8    90.5    61.5    80.1 -99.000 -99.000 -99.000 -99.000 -99.000 -9999.0 -9999.0 -9999.0 -9999.0 -9999.0
23583 20230208  2.514 -158.61   59.28   -14.8   -30.2   -22.5   -20.8     0.9     3.82 C   -14.2   -35.0   -24.7    85.9    74.4    81.5 -99.000 -99.000 -99.000 -99.000 -99.000 -9999.0 -9999.0 -9999.0 -9999.0 -9999.0
23583 20230209  2.514 -158.61   59.28   -18.0   -27.5   -22.7   -21.5     0.0     4.95 C   -20.6   -35.0   -26.2    84.1    66.3    74.2 -99.000 -99.000 -99.000 -99.000 -99.000 -9999.0 -9999.0 -9999.0 -9999.0 -9999.0
23583 20230210  2.514 -158.61   59.28    -7.2   -21.0   -14.1   -12.6    19.3     1.02 C    -7.7   -20.6   -12.8    86.1    67.7    80.4 -99.000 -99.000 -99.000 -99.000 -99.000 -9999.0 -9999.0 -9999.0 -9999.0 -9999.0
23583 20230211  2.514 -158.61   59.28    -6.6   -16.5   -11.5    -9.8     0.0     2.25 C    -6.6   -23.2   -12.1    91.9    81.9    88.0 -99.000 -99.000 -99.000 -99.000 -99.000 -9999.0 -9999.0 -9999.0 -9999.0 -9999.0
23583 20230212  2.514 -158.61   59.28   -10.0   -25.8   -17.9   -17.5     0.0     5.63 C   -10.8   -36.3   -23.9    89.1    48.1    64.6 -99.000 -99.000 -99.000 -99.000 -99.000 -9999.0 -9999.0 -9999.0 -9999.0 -9999.0
23583 20230213  2.514 -158.61   59.28   -19.0   -36.1   -27.6   -25.4     0.0     4.31 C   -19.2   -41.4   -30.1    83.5    57.3    68.9 -99.000 -99.000 -99.000 -99.000 -99.000 -9999.0 -9999.0 -9999.0 -9999.0 -9999.0
23583 20230214  2.514 -158.61   59.28    -7.6   -20.1   -13.8   -14.2     0.7     2.84 C    -8.6   -27.0   -16.7    90.1    61.5    75.9 -99.000 -99.000 -99.000 -99.000 -99.000 -9999.0 -9999.0 -9999.0 -9999.0 -9999.0
23583 20230215  2.514 -158.61   59.28   -13.0   -24.5   -18.8   -18.3     0.2     2.76 C   -13.8   -32.0   -21.3    86.3    67.0    77.6 -99.000 -99.000 -99.000 -99.000 -99.000 -9999.0 -9999.0 -9999.0 -9999.0 -9999.0
23583 20230216  2.514 -158.61   59.28    -9.3   -16.3   -12.8   -14.4     3.1     2.46 C    -9.7   -17.9   -14.2    87.2    69.4    78.6 -99.000 -99.000 -99.000 -99.000 -99.000 -9999.0 -9999.0 -9999.0 -9999.0 -9999.0
23583 20230217  2.514 -158.61   59.28 -9999.0 -9999.0 -9999.0 -9999.0 -9999.0 -9999.00 U -9999.0 -9999.0 -9999.0 -9999.0 -9999.0 -9999.0 -99.000 -99.000 -99.000 -99.000 -99.000 -9999.0 -9999.0 -9999.0 -9999.0 -9999.0
